102 104
37 41
57 59
76 82
17 23
45 46
78 78
104 105
23 23
158 158
22 22
29 30
46 47
68 71
125 128
79 79
7 7
22 25
48 48
27 28
92 94
14 14
30 35
115 119
70 70
115 117
206 209
142 145
1 8
88 95
54 54
69 70
66 67
26 29
33 33
64 65
74 75
18 18
25 26
40 47
88 89
111 114
6 7
67 67
102 103
31 32
158 159
0 5
61 61
70 72
108 110
16 20
1 1
29 31
26 27
45 47
12 15
0 2
170 171
183 183
194 194
13 13
0 3
13 15
38 38
1 3
16 17
23 24
72 74
127 127
151 152
13 13
36 37
258 259
283 288
9 9
1 2
27 27
63 63
6 7
67 67
13 16
36 39
62 64
232 232
47 49
129 130
17 17
45 48
71 73
162 164
41 43
108 110
2 4
13 14
74 76
23 24
41 41
72 72
53 53
58 58
54 56
100 103
213 216
147 149
151 152
2 5
2 5
53 54
58 58
109 109
72 74
87 91
123 126
1 8
96 97
9 9
36 36
55 57
18 18
93 93
15 15
109 113
164 168
216 216
24 27
14 14
61 61
78 80
114 118
40 40
1 1
16 16
28 28
89 92
109 110
30 33
37 41
68 69
89 90
140 140
11 13
17 17
32 33
60 62
101 103
20 20
58 60
68 70
108 109
313 315
24 24
80 81
105 107
131 136
34 34
52 57
96 97
37 37
0 5
15 15
22 22
38 40
78 78
13 15
10 10
22 23
41 44
47 48
1 3
28 29
33 33
55 55
105 107
66 66
70 75
98 101
118 122
0 6
28 28
36 38
77 78
86 88
1 5
17 19
42 46
57 59
65 65
11 15
25 26
37 39
63 63
78 78
24 27
49 49
83 85
93 95
151 154
1 1
8 12
21 26
57 60
67 73
9 9
64 64
88 89
92 92
80 80
4 4
8 9
24 24
81 81
9 11
31 34
73 74
47 51
67 68
17 20
53 54
172 174
185 186
71 73
43 44
68 68
124 127
223 227
257 257
12 13
43 46
79 79
86 95
128 131
14 17
24 24
92 94
129 129
78 79
0 1
69 71
92 93
101 101
28 29
41 44
109 113
86 96
75 75
6 7
13 13
25 25
31 32
165 166
49 51
38 38
31 35
87 87
148 150
56 57
72 73
106 107
84 85
9 10
31 32
47 49
67 70
171 172
220 221
50 53
38 40
104 104
30 32
52 53
62 64
100 102
71 72
30 30
100 102
9 12
0 2
52 53
55 56
100 102
104 104
117 117
55 56
100 102
104 104
45 45
78 79
118 118
53 53
122 122
41 41
86 87
8 9
18 18
53 53
78 79
99 100
17 22
175 175
185 185
134 134
185 185
3 4
181 183
69 70
80 81
69 70
102 102
185 185
64 66
44 48
70 70
117 117
33 33
23 26
54 54
109 110
33 33
25 25
54 54
109 111
117 117
8 8
27 28
91 91
25 28
131 136
87 89
68 68
8 8
27 28
61 61
131 136
59 60
107 109
177 178
59 60
106 106
244 245
177 178
1 2
2 2
34 36
59 60
106 106
220 225
46 48
189 193
270 271
10 10
18 20
46 48
190 192
270 271
18 21
46 49
68 72
151 151
270 271
26 26
52 54
125 126
67 70
125 126
18 23
24 24
125 126
18 19
6 9
41 41
66 66
148 149
102 103
109 109
22 25
70 74
109 109
116 118
205 206
13 14
63 68
85 87
136 137
163 163
20 23
38 39
83 84
86 87
106 107
20 23
10 11
44 46
85 87
86 87
27 28
42 44
85 86
97 99
28 28
9 10
42 44
27 28
229 230
9 10
48 51
97 99
229 231
95 96
237 237
1 2
127 128
182 182
236 237
8 11
18 22
46 48
27 27
58 59
69 69
69 69
22 23
63 64
68 69
5 5
27 27
63 64
128 129
11 13
32 32
32 32
104 104
126 127
21 22
109 111
175 175
11 13
80 82
91 91
109 111
175 175
8 9
55 58
185 185
324 325
384 385
16 19
357 358
324 325
384 385
1 4
8 10
33 34
122 123
336 337
11 12
73 74
99 100
121 121
200 205
73 74
123 123
127 128
170 171
11 12
73 74
103 110
123 124
9 9
57 58
79 80
113 114
9 10
84 84
79 80
113 114
57 58
9 9
57 58
79 80
113 114
10 10
10 10
59 63
10 10
13 14
31 33
49 50
2 3
13 14
36 37
49 50
1 1
63 66
85 88
53 55
104 104
3 6
1 1
53 55
87 88
23 25
6 6
63 67
82 83
11 11
79 81
143 143
163 167
8 11
18 19
147 152
11 11
4 4
8 11
18 18
132 132
163 167
1 4
22 24
17 19
39 44
1 4
17 19
29 30
36 37
1 4
17 19
22 28
39 44
36 36
124 128
219 221
1 2
29 29
45 46
91 94
1 2
29 29
34 37
63 67
124 128
20 20
3 6
117 118
96 96
10 11
81 83
87 88
117 118
3 8
20 20
59 61
82 84
87 88
15 17
1 4
15 17
147 148
255 255
279 283
1 4
77 78
141 143
180 184
19 19
61 61
78 78
147 147
19 19
61 61
147 147
14 15
78 78
147 147
147 147
14 14
19 19
61 61
78 78
147 147
26 26
29 29
1 4
21 21
26 26
23 24
1 4
26 26
92 93
166 166
121 121
10 11
67 70
92 93
146 147
166 166
17 20
67 70
92 93
121 121
183 184
8 11
75 76
106 107
7 11
86 87
120 123
140 141
18 20
7 11
18 20
106 107
140 141
49 49
36 36
13 15
18 20
36 36
13 15
92 93
1 4
13 15
36 36
72 75
92 93
163 164
20 22
74 75
127 129
155 156
20 22
20 22
34 35
85 85
127 129
5 5
104 106
5 5
7 8
104 105
90 90
116 118
75 77
104 105
8 10
69 70
33 33
59 59
1 1
22 26
39 44
69 70
8 10
22 26
38 44
33 33
4 5
25 25
4 5
35 37
48 51
204 206
295 295
383 384
48 51
0 0
222 222
336 337
383 384
0 0
313 315
288 288
244 244
5 5
8 9
78 80
104 105
5 6
86 86
139 140
169 173
5 5
63 65
122 122
138 141
5 7
13 17
60 60
78 80
94 95
5 7
54 54
60 60
69 69
5 7
60 60
94 96
80 81
94 94
59 61
27 27
54 55
68 69
102 102
33 33
68 68
102 104
37 37
24 35
88 89
133 137
1 1
40 40
120 121
40 41
16 21
23 36
47 47
126 126
2 3
11 11
2 3
118 119
2 3
108 110
2 3
2 3
69 70
78 79
108 110
1 4
23 24
72 73
19 19
77 77
39 42
23 25
34 35
12 13
119 120
29 30
12 13
38 40
113 115
128 134
52 53
10 13
29 30
84 85
125 125
9 10
40 41
45 53
1 1
9 10
9 10
62 64
9 10
9 10
19 19
40 41
61 64
6 9
82 83
6 7
14 15
89 91
70 74
14 15
82 83
26 27
82 88
109 109
148 152
47 51
141 145
104 106
99 99
85 87
117 118
8 8
15 15
79 79
99 101
79 79
79 79
110 110
15 15
79 79
110 110
45 45
8 8
11 17
30 30
47 48
72 72
30 30
42 42
48 48
76 77
2 2
30 30
34 39
93 96
21 22
91 92
32 34
69 69
91 92
91 92
95 95
0 2
18 19
62 62
1 2
19 19
1 2
19 19
39 39
29 31
45 45
48 51
1 1
20 24
45 45
47 51
45 45
29 32
42 44
14 14
17 18
61 61
114 117
78 81
6 6
17 18
61 61
70 73
91 93
41 42
148 148
233 233
45 48
148 148
233 233
157 158
6 7
41 42
153 155
157 158
233 233
57 58
75 76
105 105
103 106
57 58
2 2
94 95
57 58
68 69
75 76
94 96
97 98
5 7
56 56
71 72
198 198
220 221
5 7
55 58
70 73
151 151
41 42
151 151
194 198
14 15
23 24
75 75
30 31
0 0
14 15
23 24
30 31
220 223
75 76
13 15
22 24
51 56
75 75
219 223
3 3
32 33
44 44
129 129
199 199
3 5
44 45
64 64
153 153
3 3
44 44
47 57
163 163
4 4
33 34
40 50
99 99
6 6
17 24
37 38
41 47
4 4
32 34
40 50
81 81
4 5
0 0
47 47
116 116
149 150
47 47
91 91
107 107
131 132
35 35
49 50
47 47
131 131
82 82
5 7
78 82
29 30
42 44
5 7
5 7
20 20
29 29
49 50
20 22
32 35
48 48
122 124
22 22
124 124
13 14
22 22
48 48
1 4
43 44
1 4
23 25
145 148
26 27
52 52
43 44
137 137
2 3
41 42
77 78
123 137
149 151
2 3
17 17
39 42
105 112
2 3
97 98
12 12
144 144
58 58
51 54
71 74
121 124
7 9
33 35
71 74
132 134
107 108
19 19
44 45
26 29
52 53
19 19
26 29
11 11
1 2
31 31
53 53
10 12
30 31
37 42
11 12
30 32
52 53
3 7
69 71
144 147
47 49
64 71
