37	41
76	82
17	23
78	78
23	23
158	158
45	46
79	79
7	7
48	48
69	69
53	53
33	33
88	89
60	60
1	1
12	15
183	183
194	194
13	13
38	38
124	124
148	149
1	2
27	27
63	63
6	7
67	67
36	39
47	49
17	17
2	4
74	76
41	41
72	72
53	53
58	58
8	8
35	35
17	17
92	92
24	27
14	14
61	61
78	80
40	40
1	1
15	15
30	33
20	20
58	60
24	24
34	34
52	57
37	37
15	15
38	40
13	15
10	10
28	29
33	33
104	106
65	65
28	28
77	78
55	57
63	63
63	63
78	78
49	49
83	85
1	1
21	26
9	9
64	64
92	92
80	80
8	9
81	81
31	34
73	74
17	20
169	171
182	183
68	68
124	127
257	257
43	46
79	79
24	24
92	94
0	1
69	71
40	43
74	74
13	13
25	25
36	36
84	85
103	103
37	41
76	82
17	23
78	78
23	23
158	158
45	46
79	79
7	7
48	48
69	69
53	53
33	33
88	89
60	60
1	1
12	15
183	183
194	194
13	13
38	38
124	124
148	149
1	2
27	27
63	63
6	7
67	67
36	39
47	49
17	17
2	4
74	76
41	41
72	72
53	53
58	58
8	8
35	35
17	17
92	92
24	27
14	14
61	61
78	80
40	40
1	1
15	15
30	33
20	20
58	60
24	24
34	34
52	57
37	37
15	15
38	40
13	15
10	10
28	29
33	33
104	106
65	65
28	28
77	78
55	57
63	63
63	63
78	78
49	49
83	85
1	1
21	26
9	9
64	64
92	92
80	80
8	9
81	81
31	34
73	74
17	20
169	171
182	183
68	68
124	127
257	257
43	46
79	79
24	24
92	94
0	1
69	71
40	43
74	74
13	13
25	25
36	36
84	85
103	103
31	35
55	60
14	18
63	63
18	18
121	121
34	35
61	61
2	2
34	34
50	50
36	36
18	18
69	70
50	50
0	0
17	20
140	140
148	148
0	0
32	32
93	93
107	108
2	3
17	17
46	46
7	8
50	50
30	33
40	42
9	9
2	4
57	59
27	27
55	55
41	41
44	44
10	10
27	27
17	17
68	68
22	24
9	9
32	32
59	61
25	25
0	0
13	14
15	17
14	14
37	39
31	31
21	21
41	45
31	31
9	9
22	24
4	6
0	0
14	15
20	21
73	75
50	50
24	24
64	65
46	47
55	55
49	49
71	71
35	35
62	64
0	0
12	14
4	4
34	34
74	74
63	63
7	8
68	68
23	26
60	61
9	12
143	146
155	156
52	52
96	99
187	187
30	33
61	61
15	15
76	78
0	1
48	49
31	32
49	49
9	9
16	16
22	22
67	68
80	80
31	35
55	60
14	18
63	63
18	18
121	121
34	35
61	61
2	2
34	34
50	50
36	36
18	18
69	70
50	50
0	0
17	20
140	140
148	148
0	0
32	32
93	93
107	108
2	3
17	17
46	46
7	8
50	50
30	33
40	42
9	9
2	4
57	59
27	27
55	55
41	41
44	44
10	10
27	27
17	17
68	68
22	24
9	9
32	32
59	61
25	25
0	0
13	14
15	17
14	14
37	39
31	31
21	21
41	45
31	31
9	9
22	24
4	6
0	0
14	15
20	21
73	75
50	50
24	24
64	65
46	47
55	55
49	49
71	71
35	35
62	64
0	0
12	14
4	4
34	34
74	74
63	63
7	8
68	68
23	26
60	61
9	12
143	146
155	156
52	52
96	99
187	187
30	33
61	61
15	15
76	78
0	1
48	49
31	32
49	49
9	9
16	16
22	22
67	68
80	80
